0.000
0.000
0.000
0.000
0.000
0.000
0.000
0.000
0.000
0.000
0.000
0.000
0.000
0.000
0.000
0.784
2.402
4.312
6.223
7.414
8.353
9.689
10.842
11.914
13.027
14.463
14.708
14.162
13.443
12.969
12.667
13.098
12.992
13.209
13.250
13.726
13.964
14.553
15.156
15.720
16.067
16.581
16.710
16.782
16.879
17.136
17.046
16.775
16.458
15.622
15.425
14.978
15.074
14.945
15.047
14.809
14.511
14.313
14.063
14.198
14.431
14.370
14.438
14.585
14.683
14.982
15.220
15.615
15.467
15.615
15.409
15.805
15.459
15.491
15.463
16.072
16.423
16.986
17.663
18.517
19.150
19.623
19.912
20.644
20.991
21.284
21.093
20.899
20.543
20.074
19.713
19.480
19.080
18.822
18.203
17.918
17.344
17.048
16.717
16.660
16.515
16.571
16.428
16.744
16.805
17.185
17.388
17.782
17.692
17.722
17.663
17.808
17.665
17.695
17.666
17.696
17.779
17.575
17.548
17.667
17.837
17.867
17.949
18.119
18.560
18.955
19.396
19.577
20.037
20.366
20.583
20.713
20.771
20.661
20.399
19.928
19.805
19.874
20.130
20.178
20.224
20.556
20.884
21.291
21.604
21.838
22.035
22.134
22.112
22.067
22.204
21.774
20.909
20.189
19.694
19.381
19.147
19.120
19.046
18.804
18.568
18.233
18.369
18.953
19.346
19.672
19.835
20.277
20.458
20.433
20.484
20.407
20.381
20.300
20.224
20.038
19.936
19.715
19.562
19.298
19.084
18.787
18.624
18.571
18.729
18.650
18.705
18.624
18.737
18.866
19.003
19.191
19.359
19.521
19.494
19.417
19.470
19.329
19.302
19.159
18.920
18.666
18.361
18.164
17.884
17.741
17.660
17.580
17.580
17.607
17.694
17.694
17.867
18.094
18.370
18.701
18.925
19.083
19.055
19.025
18.693
18.483
18.173
18.059
17.892
17.675
17.403
17.119
16.877
16.791
16.961
17.293
17.743
18.163
18.331
18.444
18.415
18.556
18.967
19.106
19.352
19.457
19.484
19.273
19.076
18.879
18.736
18.794
18.563
18.271
18.132
17.944
17.838
17.755
17.727
17.951
18.121
18.150
18.150
18.181
18.209
18.266
18.238
18.317
18.556
18.940
19.367
19.782
20.293
20.653
21.154
21.394
21.554
21.638
21.418
21.000
20.271
19.397
18.812
18.415
18.083
17.809
17.626
17.437
17.464
17.685
18.026
18.454
18.953
19.150
19.177
19.232
19.150
19.094
19.094
19.121
18.901
18.767
18.683
18.523
18.413
18.273
18.161
18.075
18.103
18.016
17.759
17.669
17.430
17.430
17.402
17.402
17.487
17.458
17.458
17.373
17.312
17.343
17.490
17.614
17.585
17.468
17.381
17.205
17.052
16.899
16.713
16.682
16.556
16.313
16.157
15.943
15.849
15.819
15.819
15.851
15.914
16.040
16.161
16.404
16.647
16.833
17.104
17.371
17.598
17.855
18.171
18.428
18.628
18.686
18.686
18.569
18.710
18.791
18.872
18.898
18.951
18.925
18.815
18.842
18.870
18.953
19.334
19.387
19.414
19.333
19.225
19.034
18.895
18.923
18.756
18.756
18.585
18.204
17.981
17.844
17.672
17.433
17.218
17.004
16.975
16.946
16.831
16.801
16.918
17.141
17.024
16.931
16.898
16.831
16.764
16.384
16.228
16.072
16.102
15.954
15.607
15.448
15.204
14.992
14.992
15.215
15.448
15.512
15.698
16.098
16.629
17.104
17.644
18.411
19.130
19.824
20.074
20.134
20.369
20.510
20.307
20.006
19.770
19.506
19.330
19.355
19.378
19.646
20.381
20.932
21.434
21.909
22.256
22.658
23.019
23.122
22.916
22.422
21.992
21.132
20.315
19.519
18.877
18.807
18.539
18.315
18.076
17.683
17.559
17.105
16.971
16.727
16.444
16.414
15.967
15.494
14.941
14.366
14.183
13.819
13.699
13.336
13.216
13.255
13.099
13.214
13.496
14.101
14.864
15.520
16.431
17.194
18.191
18.928
19.492
19.924
20.006
20.144
20.039
19.961
20.012
19.785
19.539
19.361
19.334
19.334
19.059
18.977
18.688
18.605
18.684
18.606
18.735
18.764
18.843
18.895
18.973
19.249
19.330
19.646
19.702
19.596
19.543
19.332
19.444
19.168
19.116
18.928
18.795
18.741
18.576
18.576
18.435
18.408
18.408
18.325
18.440
18.275
18.358
18.465
18.492
18.549
18.521
18.715
18.743
18.770
18.853
18.768
18.879
18.985
18.958
18.847
18.819
18.733
18.539
18.427
18.314
18.052
18.052
17.852
17.663
17.498
17.498
17.470
17.499
17.795
17.824
17.991
18.198
17.499
15.970
14.324
12.706
11.814
10.197
8.579
6.693
5.047
3.291
1.616
0.726
1.245
1.840
2.436
2.373
2.892
2.892
2.892
2.892
2.892
2.892
2.892
2.373
1.778
1.183
0.519
0.000
0.000
0.000
0.000
0.000
0.000
