0.000
0.000
0.000
0.000
0.000
0.000
0.000
0.000
0.000
0.000
0.000
0.000
0.000
0.000
0.000
0.000
0.000
0.000
0.000
0.000
0.000
0.000
0.000
0.000
0.000
0.000
0.000
0.000
0.000
0.000
0.000
0.000
0.000
0.000
0.000
0.000
0.000
0.000
0.000
0.000
0.000
0.000
0.000
0.000
0.000
0.000
0.000
0.000
0.000
0.000
12.969
13.114
13.287
13.454
13.630
13.797
13.982
14.152
14.328
14.498
14.677
14.862
15.051
15.214
15.384
15.554
15.736
15.906
16.079
16.252
16.425
16.528
16.515
16.492
16.460
16.519
16.590
16.636
16.698
16.803
16.898
16.962
17.058
17.155
17.246
17.290
17.395
17.425
17.471
17.482
17.530
17.560
17.606
17.666
17.702
17.737
17.779
17.864
17.924
17.996
18.022
18.064
18.114
18.187
18.277
18.419
18.428
18.424
18.421
18.442
18.468
18.494
18.566
18.629
18.704
18.753
18.833
18.864
18.916
18.940
18.985
18.997
19.045
19.093
19.170
19.234
19.297
19.331
19.391
19.432
19.438
19.406
19.355
19.325
19.271
19.232
19.194
19.188
19.185
19.182
19.177
19.157
19.137
19.120
19.143
19.155
19.175
19.181
19.236
19.258
19.315
19.346
19.373
19.382
19.386
19.389
19.389
19.370
19.370
19.360
19.360
19.366
19.366
19.351
19.373
19.383
19.392
19.395
19.417
19.444
19.473
19.494
19.508
19.528
19.512
19.485
19.453
19.426
19.407
19.392
19.347
19.304
19.246
19.214
19.174
19.141
19.127
19.130
19.142
19.154
19.179
19.182
19.168
19.147
19.103
19.084
19.058
19.010
18.954
18.900
18.857
18.841
18.829
18.779
18.729
18.674
18.620
18.629
18.667
18.686
18.710
18.720
18.733
18.724
18.685
18.664
18.641
18.621
18.623
18.623
18.642
18.677
18.714
18.734
18.745
18.763
18.763
18.766
18.757
18.745
18.708
18.667
18.619
18.615
18.610
18.613
18.625
18.637
18.637
18.637
18.631
18.640
18.640
18.654
18.660
18.643
18.638
18.620
18.608
18.590
18.596
18.575
18.563
18.570
18.570
18.579
18.573
18.583
18.589
18.602
18.605
18.598
18.576
18.547
18.553
18.547
18.547
18.550
18.538
18.520
18.493
18.454
18.426
18.403
18.390
18.396
18.414
18.427
18.445
18.428
18.412
18.388
18.375
18.365
18.341
18.321
18.286
18.257
18.218
18.190
18.158
18.136
18.130
18.114
18.086
18.074
18.047
18.029
18.026
18.035
18.057
18.081
18.103
18.112
18.128
18.131
18.121
18.130
18.133
18.148
18.163
18.166
18.169
18.175
18.187
18.203
18.212
18.237
18.255
18.253
18.233
18.194
18.129
18.072
18.026
17.980
17.941
17.906
17.873
17.857
17.863
17.870
17.885
17.892
17.875
17.869
17.856
17.835
17.816
17.816
17.822
17.791
17.751
17.715
17.661
17.615
17.565
17.529
17.500
17.490
17.474
17.439
17.415
17.363
17.313
17.276
17.267
17.257
17.241
17.241
17.272
17.323
17.368
17.413
17.470
17.498
17.540
17.558
17.545
17.558
17.573
17.591
17.616
17.632
17.632
17.657
17.691
17.748
17.805
17.891
17.980
18.067
18.157
18.223
18.297
18.363
18.415
18.451
18.464
18.477
18.470
18.466
18.460
18.466
18.512
18.529
18.544
18.550
18.514
18.485
18.423
18.374
18.309
18.243
18.225
18.215
18.182
18.149
18.077
18.012
17.934
17.857
17.762
17.687
17.638
17.600
17.600
17.587
17.579
17.585
17.588
17.618
17.636
17.670
17.691
17.700
17.727
17.736
17.757
17.779
17.800
17.824
17.848
17.865
17.904
17.945
17.957
17.957
17.969
17.963
17.963
17.968
17.996
18.045
18.068
18.123
18.177
18.239
18.286
18.324
18.349
18.371
18.403
18.442
18.495
18.553
18.577
18.602
18.618
18.643
18.656
18.619
18.583
18.548
18.525
18.494
18.465
18.427
18.406
18.424
18.436
18.436
18.427
18.421
18.433
18.442
18.433
18.411
18.360
18.322
18.272
18.221
18.154
18.091
18.037
17.984
17.942
17.910
17.881
17.884
17.872
17.894
17.914
17.934
17.937
17.895
17.903
17.888
17.900
17.937
17.878
17.748
17.606
17.476
17.430
17.260
17.090
16.945
16.811
16.694
16.569
16.452
16.392
16.354
16.302
16.245
16.148
15.966
15.790
15.590
15.390
15.193
14.977
14.777
14.567
14.370
14.178
13.979
0.000
0.000
0.000
0.000
0.000
0.000
0.000
0.000
0.000
0.000
0.000
0.000
0.000
0.000
0.000
0.000
0.000
0.000
0.000
0.000
0.000
0.000
0.000
0.000
0.000
0.000
0.000
0.000
0.000
0.000
0.000
0.000
0.000
0.000
0.000
0.000
0.000
0.000
0.000
0.000
0.000
0.000
0.000
0.000
0.000
0.000
0.000
0.000
0.000
0.000
